
pars025 <- ALFAM2pars02
pars025 <- c(pars025, int.r5 = -1.8, rain.rate.r5 = 0.7)
